4
1
1
1
1
5
1
1
1
2
4
3
2
6
1
2
143
1
3
1
4
1
6
1
151
3
1
1
1
1
1
17
1
2
2
1
1
1
2
1
29
15
5
2
6
3
1
1
1
2
2
8
5
1
3
1
3
1
1
1
1
4
2
1
1
1
6
2
1
1
4
1
1
1
5
2
1
1
1
2
1
3
1
2
4
1
1
1
66
1
5
8
1
4
11
1
5
10
10
53
1
4
4
4
2
7
1
8
1
2
2
1
3
3
3
2
1
11
3
1
1
1
27
1
3
7
26
1
4
1
1
11
15
1
1
1
1
1
1
3
2
10
2
2
4
2
2
1
2
1
20
3
1
1
1
1
1
1
8
1
1
1
1
4
1
1
1
1
1
3
1
2
1
2
1
1
1
1
1
3
1
5
1
50
9
4
2
3
1
2
1
1
5
1
7
2
3
1
3
11
1
1
35
15
2
1
2
1
1
1
1
19
3
3
2
1
2
4
2
1
1
1
4
1
1
5
4
1
3
1
16
3
1
1
2
1
2
1
6
6
1
2
1
3
1
1
1
1
1
6
1
11
1
1
2
9
2
1
1
10
1
1
5
1
1
8
6
1
1
4
5
2
1
1
7
3
3
2
1
2
1
7
1
6
1
1
3
1
18
1
29
7
9
6
3
1
1
2
9
4
39
9
3
1
1
3
2
1
3
2
1
1
4
10
1
1
1
1
1
1
10
1
4
3
1
26
2
1
1
1
2
3
2
1
2
1
1
1
24
2
25
1
7
3
9
5
1
3
5
1
1
1
1
3
6
1
3
10
1
5
2
1
1
1
1
4
1
2
7
1
1
11
1
1
6
3
6
1
1
1
1
1
1
2
1
5
6
1
2
1
3
1
1
1
1
11
9
1
4
2
5
1
2
2
10
2
1
5
2
5
2
2
2
1
2
1
2
1
1
3
1
15
25
1
3
1
2
36
1
1
4
2
1
1
6
1
3
1
1
1
1
2
12
1
4
1
17
1
1
1
1
2
10
1
2
2
1
2
1
1
2
1
2
5
1
1
2
1
2
119
1
1
1
4
6
9
1
1
5
14
2
2
1
1
2
1
2
3
1
1
1
106
3
3
1
1
3
1
2
1
1
7
2
1
1
2
1
1
1
1
16
1
5
1
1
2
79
1
2
1
1
1
1
2
1
2
1
7
1
1
6
2
1
1
2
1
2
1
1
2
11
1
24
2
3
1
2
34
13
6
3
16
3
1
1
2
3
2
1
6
1
12
1
1
3
1
1
3
1
3
1
2
23
2
6
3
1
5
1
4
2
1
1
4
1
5
23
1
13
24
3
2
1
1
2
6
1
1
1
1
7
3
4
1
2
1
1
1
1
1
1
2
1
2
1
1
1
60
1
1
1
1
1
11
1
1
1
4
3
3
1
1
1
2
1
1
1
1
6
1
1
2
4
2
3
1
1
1
11
4
1
1
2
1
1
57
1
1
1
7
1
5
2
2
5
1
3
2
7
7
3
1
9
2
1
1
3
2
1
1
1
2
3
1
3
1
27
1
1
1
4
1
1
1
1
1
1
1
4
1
8
1
3
1
1
44
1
1
2
2
1
1
17
3
1
1
1
1
5
1
1
1
4
2
1
8
1
4
1
1
3
1
1
1
5
4
2
2
4
1
1
2
1
4
1
1
4
1
59
6
5
1
2
4
1
12
2
7
1
1
5
5
1
1
2
1
1
2
5
1
1
4
45
2
2
2
1
26
1
1
12
28
1
1
3
1
2
1
1
1
23
2
14
6
1
5
2
1
2
5
1
1
1
3
1
1
1
3
9
3
1
28
3
1
7
1
1
1
2
2
8
1
1
1
2
1
1
2
1
1
1
1
3
1
128
4
1
2
2
1
4
1
1
2
5
7
2
3
1
14
2
2
1
5
1
22
1
1
2
3
1
2
4
1
1
1
4
1
2
1
1
1
2
6
1
3
2
1
37
29
1
4
1
22
1
6
13
36
1
2
1
1
1
1
11
11
1
2
2
9
2
21
5
1
1
1
9
17
1
1
2
2
2
6
1
2
1
5
1
1
3
8
1
1
4
8
2
1
2
1
1
1
1
1
1
5
2
2
8
9
6
1
1
4
1
1
2
1
6
14
1
3
2
7
1
3
1
8
3
38
1
3
2
2
1
4
1
3
1
27
1
22
1
1
3
1
1
1
3
1
2
1
1
2
4
2
1
2
1
1
2
1
8
1
1
1
238
1
5
4
1
106
1
2
1
1
2
2
143
1
2
1
1
1
1
2
2
1
1
1
11
1
1
1
58
12
24
2
2
4
4
1
1
1
10
1
6
1
1
1
3
1
1
4
2
17
1
1
1
2
1
1
10
1
1
3
50
1
1
1
1
4
1
6
1
23
2
33
12
22
22
3
2
1
1
2
1
4
3
1
1
1
4
1
5
1
6
4
20
29
1
1
9
1
3
1
1
7
2
5
3
16
3
4
1
1
1
1
1
1
12
2
6
1
1
9
2
21
10
1
5
4
4
2
7
3
1
1
1
1
1
1
1
17
2
2
5
8
35
6
1
2
8
3
1
16
1
13
4
10
1
1
2
2
6
1
1
1
3
1
1
1
2
1
1
1
1
6
1
8
1
37
1
1
1
9
11
3
1
1
1
1
1
24
1
1
5
1
1
1
1
10
22
2
4
35
1
1
2
1
9
2
1
16
7
2
3
1
2
2
3
5
1
1
2
1
1
10
2
5
2
34
2
1
106
1
1
1
1
7
5
2
1
3
1
3
3
3
9
36
2
12
174
1
1
2
3
3
1
1
1
307
2
2
2
1
1
1
1
1
1
2
2
3
1
6
2
2
2
1
1
38
1
1
1
6
222
1
1
2
1
2
1
1
1
1
44
1
9
3
2
4
11
4
6
7
2
5
1
1
1
2
2
1
1
1
1
2
1
1
3
1
1
1
5
2
3
1
1
2
1
12
1
2
1
2
2
1
2
2
2
1
1
2
1
1
1
1
1
2
8
13
1
100
1
3
1
1
20
1
1
2
1
4
1
6
1
1
1
3
1
1
4
2
1
1
2
6
3
1
1
2
1
2
5
1
1
1
1
88
1
106
7
1
1
1
1
1
5
1
1
1
1
22
1
1
1
1
6
6
1
5
3
1
1
9
2
1
8
1
7
1
2
39
1
2
1
1
1
2
1
1
2
1
2
6
5
1
7
1
1
1
1
3
1
33
2
9
2
1
1
3
3
35
2
5
4
1
1
1
4
3
2
6
2
3
6
2
1
2
5
1
1
4
6
27
2
1
4
1
2
2
2
28
1
1
1
2
25
1
2
1
1
1
2
1
3
3
3
1
1
2
1
3
3
1
21
1
3
2
1
1
1
3
2
1
1
1
5
4
1
1
4
10
2
1
1
2
2
1
2
1
2
5
7
1
5
1
1
3
1
3
7
2
2
5
2
6
1
3
3
2
3
3
1
2
6
1
2
2
1
17
3
4
29
1
3
24
1
3
5
1
2
2
9
1
4
1
2
2
1
2
2
7
2
5
4
3
1
1
1
2
1
8
1
1
1
1
1
5
1
1
2
1
1
1
1
4
2
1
1
2
1
1
23
1
1
2
1
2
5
4
1
1
7
6
19
21
1
1
3
2
1
1
3
1
2
1
3
1
1
5
1
3
2
1
2
3
1
1
1
1
1
2
1
1
1
3
1
2
1
1
3
1
1
4
1
1
3
1
1
14
1
1
2
1
3
9
1
2
5
2
1
2
1
2
5
4
4
2
1
8
6
3
1
13
1
2
1
8
30
1
1
68
7
1
1
1
3
7
2
3
2
1
1
2
1
2
20
5
2
5
2
4
1
9
22
5
2
1
4
12
1
1
1
1
5
1
6
4
3
2
1
1
1
5
5
1
1
36
1
1
2
1
6
2
3
2
8
15
25
1
123
1
1
1
15
1
11
5
2
10
1
2
2
1
1
1
8
1
1
2
2
11
4
1
28
1
1
3
79
1
1
2
1
1
1
2
5
1
13
12
1
1
5
65
1
1
1
1
1
2
1
3
1
1
14
1
2
1
10
2
1
3
1
2
1
3
1
9
7
3
1
5
19
2
1
3
1
1
1
1
3
3
14
1
1
1
1
1
3
1
1
2
2
1
5
1
2
6
1
2
1
1
3
5
2
3
4
5
1
1
1
5
1
3
2
7
125
6
2
1
1
4
1
2
3
1
3
2
8
6
1
4
3
3
1
1
33
9
9
18
3
2
2
2
1
3
1
2
1
1
2
1
1
1
3
2
2
3
3
2
1
1
1
3
1
28
1
2
2
3
12
2
2
8
2
41
1
3
20
7
1
5
6
1
1
1
12
2
1
1
3
27
3
1
1
2
2
1
2
2
17
1
9
1
1
1
2
1
2
308
1
1
1
4
1
3
1
1
1
7
1
1
1
3
1
4
6
3
27
1
4
1
1
1
5
3
2
1
8
1
1
1
1
1
2
7
1
9
2
1
1
2
2
