1.9334872878487053
2.3314272965207428
2.3314272965207428
2.3314272965207428
2.3314272965207428
1.8543060418010802
2.3314272965207428
2.3314272965207428
2.3314272965207428
2.1553360374650614
1.9334872878487053
2.0303973008567615
2.1553360374650614
1.787359252170467
2.3314272965207428
2.1553360374650614
0.4740948000894745
2.3314272965207428
2.0303973008567615
2.3314272965207428
1.9334872878487053
2.3314272965207428
1.787359252170467
2.3314272965207428
0.4506137042399516
2.0303973008567615
2.3314272965207428
2.3314272965207428
2.3314272965207428
2.3314272965207428
2.3314272965207428
1.3771847870814182
2.3314272965207428
2.1553360374650614
2.1553360374650614
2.3314272965207428
2.3314272965207428
2.3314272965207428
2.1553360374650614
2.3314272965207428
1.1553360374650616
1.4283373095287994
1.8543060418010802
2.1553360374650614
1.787359252170467
2.0303973008567615
2.3314272965207428
2.3314272965207428
2.3314272965207428
2.1553360374650614
2.1553360374650614
1.678214782745399
1.8543060418010802
2.3314272965207428
2.0303973008567615
2.3314272965207428
2.0303973008567615
2.3314272965207428
2.3314272965207428
2.3314272965207428
2.3314272965207428
1.9334872878487053
2.1553360374650614
2.3314272965207428
2.3314272965207428
2.3314272965207428
1.787359252170467
2.1553360374650614
2.3314272965207428
2.3314272965207428
1.9334872878487053
2.3314272965207428
2.3314272965207428
2.3314272965207428
1.8543060418010802
2.1553360374650614
2.3314272965207428
2.3314272965207428
2.3314272965207428
2.1553360374650614
2.3314272965207428
2.0303973008567615
2.3314272965207428
2.1553360374650614
1.9334872878487053
2.3314272965207428
2.3314272965207428
2.3314272965207428
0.8063824894838978
2.3314272965207428
1.8543060418010802
1.678214782745399
2.3314272965207428
1.9334872878487053
1.5532760461370994
2.3314272965207428
1.8543060418010802
1.591064607026499
1.591064607026499
0.9000635323617556
2.3314272965207428
1.9334872878487053
1.9334872878487053
1.9334872878487053
2.1553360374650614
1.7293673051927805
2.3314272965207428
1.678214782745399
2.3314272965207428
2.1553360374650614
2.1553360374650614
2.3314272965207428
2.0303973008567615
2.0303973008567615
2.0303973008567615
2.1553360374650614
2.3314272965207428
1.5532760461370994
2.0303973008567615
2.3314272965207428
2.3314272965207428
2.3314272965207428
1.185299260842505
2.3314272965207428
2.0303973008567615
1.7293673051927805
1.2010935280257369
2.3314272965207428
1.9334872878487053
2.3314272965207428
2.3314272965207428
1.5532760461370994
1.4283373095287994
2.3314272965207428
2.3314272965207428
2.3314272965207428
2.3314272965207428
2.3314272965207428
2.3314272965207428
2.0303973008567615
2.1553360374650614
1.591064607026499
2.1553360374650614
2.1553360374650614
1.9334872878487053
2.1553360374650614
2.1553360374650614
2.3314272965207428
2.1553360374650614
2.3314272965207428
1.310237997450805
2.0303973008567615
2.3314272965207428
2.3314272965207428
2.3314272965207428
2.3314272965207428
2.3314272965207428
2.3314272965207428
1.678214782745399
2.3314272965207428
2.3314272965207428
2.3314272965207428
2.3314272965207428
1.9334872878487053
2.3314272965207428
2.3314272965207428
2.3314272965207428
2.3314272965207428
2.3314272965207428
2.0303973008567615
2.3314272965207428
2.1553360374650614
2.3314272965207428
2.1553360374650614
2.3314272965207428
2.3314272965207428
2.3314272965207428
2.3314272965207428
2.3314272965207428
2.0303973008567615
2.3314272965207428
1.8543060418010802
2.3314272965207428
0.9248871160867879
1.632457292184724
1.9334872878487053
2.1553360374650614
2.0303973008567615
2.3314272965207428
2.1553360374650614
2.3314272965207428
2.3314272965207428
1.8543060418010802
2.3314272965207428
1.7293673051927805
2.1553360374650614
2.0303973008567615
2.3314272965207428
2.0303973008567615
1.5532760461370994
2.3314272965207428
2.3314272965207428
1.076154791417437
1.4283373095287994
2.1553360374650614
2.3314272965207428
2.1553360374650614
2.3314272965207428
2.3314272965207428
2.3314272965207428
2.3314272965207428
1.331427296520743
2.0303973008567615
2.0303973008567615
2.1553360374650614
2.3314272965207428
2.1553360374650614
1.9334872878487053
2.1553360374650614
2.3314272965207428
2.3314272965207428
2.3314272965207428
1.9334872878487053
2.3314272965207428
2.3314272965207428
1.8543060418010802
1.9334872878487053
2.3314272965207428
2.0303973008567615
2.3314272965207428
1.4020083708064501
2.0303973008567615
2.3314272965207428
2.3314272965207428
2.1553360374650614
2.3314272965207428
2.1553360374650614
2.3314272965207428
1.787359252170467
1.787359252170467
2.3314272965207428
2.1553360374650614
2.3314272965207428
2.0303973008567615
2.3314272965207428
2.3314272965207428
2.3314272965207428
2.3314272965207428
2.3314272965207428
1.787359252170467
2.3314272965207428
1.5532760461370994
2.3314272965207428
2.3314272965207428
2.1553360374650614
1.632457292184724
2.1553360374650614
2.3314272965207428
2.3314272965207428
1.591064607026499
2.3314272965207428
2.3314272965207428
1.8543060418010802
2.3314272965207428
2.3314272965207428
1.678214782745399
1.787359252170467
2.3314272965207428
2.3314272965207428
1.9334872878487053
1.8543060418010802
2.1553360374650614
2.3314272965207428
2.3314272965207428
1.7293673051927805
2.0303973008567615
2.0303973008567615
2.1553360374650614
2.3314272965207428
2.1553360374650614
2.3314272965207428
1.7293673051927805
2.3314272965207428
1.787359252170467
2.3314272965207428
2.3314272965207428
2.0303973008567615
2.3314272965207428
1.3537036912318952
2.3314272965207428
1.1553360374650616
1.7293673051927805
1.632457292184724
1.787359252170467
2.0303973008567615
2.3314272965207428
2.3314272965207428
2.1553360374650614
1.632457292184724
1.9334872878487053
1.0303973008567617
1.632457292184724
2.0303973008567615
2.3314272965207428
2.3314272965207428
2.0303973008567615
2.1553360374650614
2.3314272965207428
2.0303973008567615
2.1553360374650614
2.3314272965207428
2.3314272965207428
1.9334872878487053
1.591064607026499
2.3314272965207428
2.3314272965207428
2.3314272965207428
2.3314272965207428
2.3314272965207428
2.3314272965207428
1.591064607026499
2.3314272965207428
1.9334872878487053
2.0303973008567615
2.3314272965207428
1.2010935280257369
2.1553360374650614
2.3314272965207428
2.3314272965207428
2.3314272965207428
2.1553360374650614
2.0303973008567615
2.1553360374650614
2.3314272965207428
2.1553360374650614
2.3314272965207428
2.3314272965207428
2.3314272965207428
1.2345172835126865
2.1553360374650614
1.217483944213906
2.3314272965207428
1.7293673051927805
2.0303973008567615
1.632457292184724
1.8543060418010802
2.3314272965207428
2.0303973008567615
1.8543060418010802
2.3314272965207428
2.3314272965207428
2.3314272965207428
2.3314272965207428
2.0303973008567615
1.787359252170467
2.3314272965207428
2.0303973008567615
1.591064607026499
2.3314272965207428
1.8543060418010802
2.1553360374650614
2.3314272965207428
2.3314272965207428
2.3314272965207428
2.3314272965207428
1.9334872878487053
2.3314272965207428
2.1553360374650614
1.7293673051927805
2.3314272965207428
2.3314272965207428
1.5532760461370994
2.3314272965207428
2.3314272965207428
1.787359252170467
2.0303973008567615
1.787359252170467
2.3314272965207428
2.3314272965207428
2.3314272965207428
2.3314272965207428
2.3314272965207428
2.3314272965207428
2.1553360374650614
2.3314272965207428
1.8543060418010802
1.787359252170467
2.3314272965207428
2.1553360374650614
2.3314272965207428
2.0303973008567615
2.3314272965207428
2.3314272965207428
2.3314272965207428
2.3314272965207428
1.5532760461370994
1.632457292184724
2.3314272965207428
1.9334872878487053
2.1553360374650614
1.8543060418010802
2.3314272965207428
2.1553360374650614
2.1553360374650614
1.591064607026499
2.1553360374650614
2.3314272965207428
1.8543060418010802
2.1553360374650614
1.8543060418010802
2.1553360374650614
2.1553360374650614
2.1553360374650614
2.3314272965207428
2.1553360374650614
2.3314272965207428
2.1553360374650614
2.3314272965207428
2.3314272965207428
2.0303973008567615
2.3314272965207428
1.4283373095287994
1.217483944213906
2.3314272965207428
2.0303973008567615
2.3314272965207428
2.1553360374650614
1.0642555681177293
2.3314272965207428
2.3314272965207428
1.9334872878487053
2.1553360374650614
2.3314272965207428
2.3314272965207428
1.787359252170467
2.3314272965207428
2.0303973008567615
2.3314272965207428
2.3314272965207428
2.3314272965207428
2.3314272965207428
2.1553360374650614
1.5185139398778873
2.3314272965207428
1.9334872878487053
2.3314272965207428
1.3771847870814182
2.3314272965207428
2.3314272965207428
2.3314272965207428
2.3314272965207428
2.1553360374650614
1.591064607026499
2.3314272965207428
2.1553360374650614
2.1553360374650614
2.3314272965207428
2.1553360374650614
2.3314272965207428
2.3314272965207428
2.1553360374650614
2.3314272965207428
2.1553360374650614
1.8543060418010802
2.3314272965207428
2.3314272965207428
2.1553360374650614
2.3314272965207428
2.1553360374650614
0.5532760461370994
2.3314272965207428
2.3314272965207428
2.3314272965207428
1.9334872878487053
1.787359252170467
1.632457292184724
2.3314272965207428
2.3314272965207428
1.8543060418010802
1.456366033129043
2.1553360374650614
2.1553360374650614
2.3314272965207428
2.3314272965207428
2.1553360374650614
2.3314272965207428
2.1553360374650614
2.0303973008567615
2.3314272965207428
2.3314272965207428
2.3314272965207428
0.6030735144995145
2.0303973008567615
2.0303973008567615
2.3314272965207428
2.3314272965207428
2.0303973008567615
2.3314272965207428
2.1553360374650614
2.3314272965207428
2.3314272965207428
1.7293673051927805
2.1553360374650614
2.3314272965207428
2.3314272965207428
2.1553360374650614
2.3314272965207428
2.3314272965207428
2.3314272965207428
2.3314272965207428
1.4020083708064501
2.3314272965207428
1.8543060418010802
2.3314272965207428
2.3314272965207428
2.1553360374650614
0.7293673051927806
2.3314272965207428
2.1553360374650614
2.3314272965207428
2.3314272965207428
2.3314272965207428
2.3314272965207428
2.1553360374650614
2.3314272965207428
2.1553360374650614
2.3314272965207428
1.7293673051927805
2.3314272965207428
2.3314272965207428
1.787359252170467
2.1553360374650614
2.3314272965207428
2.3314272965207428
2.1553360374650614
2.3314272965207428
2.1553360374650614
2.3314272965207428
2.3314272965207428
2.1553360374650614
1.5532760461370994
2.3314272965207428
1.2345172835126865
2.1553360374650614
2.0303973008567615
2.3314272965207428
2.1553360374650614
1.0883892478344486
1.486329256506486
1.787359252170467
2.0303973008567615
1.4020083708064501
2.0303973008567615
2.3314272965207428
2.3314272965207428
2.1553360374650614
2.0303973008567615
2.1553360374650614
2.3314272965207428
1.787359252170467
2.3314272965207428
1.5185139398778873
2.3314272965207428
2.3314272965207428
2.0303973008567615
2.3314272965207428
2.3314272965207428
2.0303973008567615
2.3314272965207428
2.0303973008567615
2.3314272965207428
2.1553360374650614
1.252246050473118
2.1553360374650614
1.787359252170467
2.0303973008567615
2.3314272965207428
1.8543060418010802
2.3314272965207428
1.9334872878487053
2.1553360374650614
2.3314272965207428
2.3314272965207428
1.9334872878487053
2.3314272965207428
1.8543060418010802
1.252246050473118
2.3314272965207428
1.486329256506486
1.2345172835126865
2.0303973008567615
2.1553360374650614
2.3314272965207428
2.3314272965207428
2.1553360374650614
1.787359252170467
2.3314272965207428
2.3314272965207428
2.3314272965207428
2.3314272965207428
1.7293673051927805
2.0303973008567615
1.9334872878487053
2.3314272965207428
2.1553360374650614
2.3314272965207428
2.3314272965207428
2.3314272965207428
2.3314272965207428
2.3314272965207428
2.3314272965207428
2.1553360374650614
2.3314272965207428
2.1553360374650614
2.3314272965207428
2.3314272965207428
2.3314272965207428
0.8471274571739571
2.3314272965207428
2.3314272965207428
2.3314272965207428
2.3314272965207428
2.3314272965207428
1.5532760461370994
2.3314272965207428
2.3314272965207428
2.3314272965207428
1.9334872878487053
2.0303973008567615
2.0303973008567615
2.3314272965207428
2.3314272965207428
2.3314272965207428
2.1553360374650614
2.3314272965207428
2.3314272965207428
2.3314272965207428
2.3314272965207428
1.787359252170467
2.3314272965207428
2.3314272965207428
2.1553360374650614
1.9334872878487053
2.1553360374650614
2.0303973008567615
2.3314272965207428
2.3314272965207428
2.3314272965207428
1.5532760461370994
1.9334872878487053
2.3314272965207428
2.3314272965207428
2.1553360374650614
2.3314272965207428
2.3314272965207428
0.8690292986217868
2.3314272965207428
2.3314272965207428
2.3314272965207428
1.7293673051927805
2.3314272965207428
1.8543060418010802
2.1553360374650614
2.1553360374650614
1.8543060418010802
2.3314272965207428
2.0303973008567615
2.1553360374650614
1.7293673051927805
1.7293673051927805
2.0303973008567615
2.3314272965207428
1.632457292184724
2.1553360374650614
2.3314272965207428
2.3314272965207428
2.0303973008567615
2.1553360374650614
2.3314272965207428
2.3314272965207428
2.3314272965207428
2.1553360374650614
2.0303973008567615
2.3314272965207428
2.0303973008567615
2.3314272965207428
1.185299260842505
2.3314272965207428
2.3314272965207428
2.3314272965207428
1.9334872878487053
2.3314272965207428
2.3314272965207428
2.3314272965207428
2.3314272965207428
2.3314272965207428
2.3314272965207428
2.3314272965207428
1.9334872878487053
2.3314272965207428
1.678214782745399
2.3314272965207428
2.0303973008567615
2.3314272965207428
2.3314272965207428
0.9792447784093805
2.3314272965207428
2.3314272965207428
2.1553360374650614
2.1553360374650614
2.3314272965207428
2.3314272965207428
1.3771847870814182
2.0303973008567615
2.3314272965207428
2.3314272965207428
2.3314272965207428
2.3314272965207428
1.8543060418010802
2.3314272965207428
2.3314272965207428
2.3314272965207428
1.9334872878487053
2.1553360374650614
2.3314272965207428
1.678214782745399
2.3314272965207428
1.9334872878487053
2.3314272965207428
2.3314272965207428
2.0303973008567615
2.3314272965207428
2.3314272965207428
2.3314272965207428
1.8543060418010802
1.9334872878487053
2.1553360374650614
2.1553360374650614
1.9334872878487053
2.3314272965207428
2.3314272965207428
2.1553360374650614
2.3314272965207428
1.9334872878487053
2.3314272965207428
2.3314272965207428
1.9334872878487053
2.3314272965207428
0.8543060418010806
1.787359252170467
1.8543060418010802
2.3314272965207428
2.1553360374650614
1.9334872878487053
2.3314272965207428
1.5185139398778873
2.1553360374650614
1.7293673051927805
2.3314272965207428
2.3314272965207428
1.8543060418010802
1.8543060418010802
2.3314272965207428
2.3314272965207428
2.1553360374650614
2.3314272965207428
2.3314272965207428
2.1553360374650614
1.8543060418010802
2.3314272965207428
2.3314272965207428
1.9334872878487053
0.96969946050315
2.1553360374650614
2.1553360374650614
2.1553360374650614
2.3314272965207428
1.2010935280257369
2.3314272965207428
2.3314272965207428
1.5185139398778873
1.170059294285768
2.3314272965207428
2.3314272965207428
2.0303973008567615
2.3314272965207428
2.1553360374650614
2.3314272965207428
2.3314272965207428
2.3314272965207428
1.252246050473118
2.1553360374650614
1.456366033129043
1.787359252170467
2.3314272965207428
1.8543060418010802
2.1553360374650614
2.3314272965207428
2.1553360374650614
1.8543060418010802
2.3314272965207428
2.3314272965207428
2.3314272965207428
2.0303973008567615
2.3314272965207428
2.3314272965207428
2.3314272965207428
2.0303973008567615
1.632457292184724
2.0303973008567615
2.3314272965207428
1.170059294285768
2.0303973008567615
2.3314272965207428
1.7293673051927805
2.3314272965207428
2.3314272965207428
2.3314272965207428
2.1553360374650614
2.1553360374650614
1.678214782745399
2.3314272965207428
2.3314272965207428
2.3314272965207428
2.1553360374650614
2.3314272965207428
2.3314272965207428
2.1553360374650614
2.3314272965207428
2.3314272965207428
2.3314272965207428
2.3314272965207428
2.0303973008567615
2.3314272965207428
0.5218675818854752
1.9334872878487053
2.3314272965207428
2.1553360374650614
2.1553360374650614
2.3314272965207428
1.9334872878487053
2.3314272965207428
2.3314272965207428
2.1553360374650614
1.8543060418010802
1.7293673051927805
2.1553360374650614
2.0303973008567615
2.3314272965207428
1.456366033129043
2.1553360374650614
2.1553360374650614
2.3314272965207428
1.8543060418010802
2.3314272965207428
1.2707294561671312
2.3314272965207428
2.3314272965207428
2.1553360374650614
2.0303973008567615
2.3314272965207428
2.1553360374650614
1.9334872878487053
2.3314272965207428
2.3314272965207428
2.3314272965207428
1.9334872878487053
2.3314272965207428
2.1553360374650614
2.3314272965207428
2.3314272965207428
2.3314272965207428
2.1553360374650614
1.787359252170467
2.3314272965207428
2.0303973008567615
2.1553360374650614
2.3314272965207428
1.0526736955679141
1.1553360374650616
2.3314272965207428
1.9334872878487053
2.3314272965207428
1.2707294561671312
2.3314272965207428
1.787359252170467
1.486329256506486
1.0642555681177293
2.3314272965207428
2.1553360374650614
2.3314272965207428
2.3314272965207428
2.3314272965207428
2.3314272965207428
1.5532760461370994
1.5532760461370994
2.3314272965207428
2.1553360374650614
2.1553360374650614
1.632457292184724
2.1553360374650614
1.2900346113625178
1.8543060418010802
2.3314272965207428
2.3314272965207428
2.3314272965207428
1.632457292184724
1.3771847870814182
2.3314272965207428
2.3314272965207428
2.1553360374650614
2.1553360374650614
2.1553360374650614
1.787359252170467
2.3314272965207428
2.1553360374650614
2.3314272965207428
1.8543060418010802
2.3314272965207428
2.3314272965207428
2.0303973008567615
1.678214782745399
2.3314272965207428
2.3314272965207428
1.9334872878487053
1.678214782745399
2.1553360374650614
2.3314272965207428
2.1553360374650614
2.3314272965207428
2.3314272965207428
2.3314272965207428
2.3314272965207428
2.3314272965207428
2.3314272965207428
1.8543060418010802
2.1553360374650614
2.1553360374650614
1.678214782745399
1.632457292184724
1.787359252170467
2.3314272965207428
2.3314272965207428
1.9334872878487053
2.3314272965207428
2.3314272965207428
2.1553360374650614
2.3314272965207428
1.787359252170467
1.456366033129043
2.3314272965207428
2.0303973008567615
2.1553360374650614
1.7293673051927805
2.3314272965207428
2.0303973008567615
2.3314272965207428
1.678214782745399
2.0303973008567615
1.041392685158225
2.3314272965207428
2.0303973008567615
2.1553360374650614
2.1553360374650614
2.3314272965207428
1.9334872878487053
2.3314272965207428
2.0303973008567615
2.3314272965207428
1.185299260842505
2.3314272965207428
1.2707294561671312
2.3314272965207428
2.3314272965207428
2.0303973008567615
2.3314272965207428
2.3314272965207428
2.3314272965207428
2.0303973008567615
2.3314272965207428
2.1553360374650614
2.3314272965207428
2.3314272965207428
2.1553360374650614
1.9334872878487053
2.1553360374650614
2.3314272965207428
2.1553360374650614
2.3314272965207428
2.3314272965207428
2.1553360374650614
2.3314272965207428
1.678214782745399
2.3314272965207428
2.3314272965207428
2.3314272965207428
0.25405939123658655
2.3314272965207428
1.8543060418010802
1.9334872878487053
2.3314272965207428
0.6030735144995145
2.3314272965207428
2.1553360374650614
2.3314272965207428
2.3314272965207428
2.1553360374650614
2.1553360374650614
0.4740948000894745
2.3314272965207428
2.1553360374650614
2.3314272965207428
2.3314272965207428
2.3314272965207428
2.3314272965207428
2.1553360374650614
2.1553360374650614
2.3314272965207428
2.3314272965207428
2.3314272965207428
1.5532760461370994
2.3314272965207428
2.3314272965207428
2.3314272965207428
0.86160528054258
1.5185139398778873
1.2345172835126865
2.1553360374650614
2.1553360374650614
1.9334872878487053
1.9334872878487053
2.3314272965207428
2.3314272965207428
2.3314272965207428
1.591064607026499
2.3314272965207428
1.787359252170467
2.3314272965207428
2.3314272965207428
2.3314272965207428
2.0303973008567615
2.3314272965207428
2.3314272965207428
1.9334872878487053
2.1553360374650614
1.3771847870814182
2.3314272965207428
2.3314272965207428
2.3314272965207428
2.1553360374650614
2.3314272965207428
2.3314272965207428
1.591064607026499
2.3314272965207428
2.3314272965207428
2.0303973008567615
0.9248871160867879
2.3314272965207428
2.3314272965207428
2.3314272965207428
2.3314272965207428
1.9334872878487053
2.3314272965207428
1.787359252170467
2.3314272965207428
1.252246050473118
2.1553360374650614
1.1009783751424689
1.5185139398778873
1.2707294561671312
1.2707294561671312
2.0303973008567615
2.1553360374650614
2.3314272965207428
2.3314272965207428
2.1553360374650614
2.3314272965207428
1.9334872878487053
2.0303973008567615
2.3314272965207428
2.3314272965207428
2.3314272965207428
1.9334872878487053
2.3314272965207428
1.8543060418010802
2.3314272965207428
1.787359252170467
1.9334872878487053
1.310237997450805
1.1553360374650616
2.3314272965207428
2.3314272965207428
1.632457292184724
2.3314272965207428
2.0303973008567615
2.3314272965207428
2.3314272965207428
1.7293673051927805
2.1553360374650614
1.8543060418010802
2.0303973008567615
1.4020083708064501
2.0303973008567615
1.9334872878487053
2.3314272965207428
2.3314272965207428
2.3314272965207428
2.3314272965207428
2.3314272965207428
2.3314272965207428
1.5185139398778873
2.1553360374650614
1.787359252170467
2.3314272965207428
2.3314272965207428
1.632457292184724
2.1553360374650614
1.2900346113625178
1.591064607026499
2.3314272965207428
1.8543060418010802
1.9334872878487053
1.9334872878487053
2.1553360374650614
1.7293673051927805
2.0303973008567615
2.3314272965207428
2.3314272965207428
2.3314272965207428
2.3314272965207428
2.3314272965207428
2.3314272965207428
2.3314272965207428
1.3771847870814182
2.1553360374650614
2.1553360374650614
1.8543060418010802
1.678214782745399
1.076154791417437
1.787359252170467
2.3314272965207428
2.1553360374650614
1.678214782745399
2.0303973008567615
2.3314272965207428
1.4020083708064501
2.3314272965207428
1.486329256506486
1.9334872878487053
1.591064607026499
2.3314272965207428
2.3314272965207428
2.1553360374650614
2.1553360374650614
1.787359252170467
2.3314272965207428
2.3314272965207428
2.3314272965207428
2.0303973008567615
2.3314272965207428
2.3314272965207428
2.3314272965207428
2.1553360374650614
2.3314272965207428
2.3314272965207428
2.3314272965207428
2.3314272965207428
1.787359252170467
2.3314272965207428
1.678214782745399
2.3314272965207428
1.0526736955679141
2.3314272965207428
2.3314272965207428
2.3314272965207428
1.632457292184724
1.5532760461370994
2.0303973008567615
2.3314272965207428
2.3314272965207428
2.3314272965207428
2.3314272965207428
2.3314272965207428
1.2345172835126865
2.3314272965207428
2.3314272965207428
1.8543060418010802
2.3314272965207428
2.3314272965207428
2.3314272965207428
2.3314272965207428
1.591064607026499
1.2707294561671312
2.1553360374650614
1.9334872878487053
1.076154791417437
2.3314272965207428
2.3314272965207428
2.1553360374650614
2.3314272965207428
1.632457292184724
2.1553360374650614
2.3314272965207428
1.4020083708064501
1.7293673051927805
2.1553360374650614
2.0303973008567615
2.3314272965207428
2.1553360374650614
2.1553360374650614
2.0303973008567615
1.8543060418010802
2.3314272965207428
2.3314272965207428
2.1553360374650614
2.3314272965207428
2.3314272965207428
1.591064607026499
2.1553360374650614
1.8543060418010802
2.1553360374650614
1.0883892478344486
2.1553360374650614
2.3314272965207428
0.6030735144995145
2.3314272965207428
2.3314272965207428
2.3314272965207428
2.3314272965207428
1.7293673051927805
1.8543060418010802
2.1553360374650614
2.3314272965207428
2.0303973008567615
2.3314272965207428
2.0303973008567615
2.0303973008567615
2.0303973008567615
1.632457292184724
1.0642555681177293
2.1553360374650614
1.5185139398778873
0.38941924349842977
2.3314272965207428
2.3314272965207428
2.1553360374650614
2.0303973008567615
2.0303973008567615
2.3314272965207428
2.3314272965207428
2.3314272965207428
0.14390657568427995
2.1553360374650614
2.1553360374650614
2.1553360374650614
2.3314272965207428
2.3314272965207428
2.3314272965207428
2.3314272965207428
2.3314272965207428
2.3314272965207428
2.1553360374650614
2.1553360374650614
2.0303973008567615
2.3314272965207428
1.787359252170467
2.1553360374650614
2.1553360374650614
2.1553360374650614
2.3314272965207428
2.3314272965207428
1.041392685158225
2.3314272965207428
2.3314272965207428
2.3314272965207428
1.787359252170467
0.2841524291365636
2.3314272965207428
2.3314272965207428
2.1553360374650614
2.3314272965207428
2.1553360374650614
2.3314272965207428
2.3314272965207428
2.3314272965207428
2.3314272965207428
0.9792447784093805
2.3314272965207428
1.632457292184724
2.0303973008567615
2.1553360374650614
1.9334872878487053
1.5532760461370994
1.9334872878487053
1.787359252170467
1.7293673051927805
2.1553360374650614
1.8543060418010802
2.3314272965207428
2.3314272965207428
2.3314272965207428
2.1553360374650614
2.1553360374650614
2.3314272965207428
2.3314272965207428
2.3314272965207428
2.3314272965207428
2.1553360374650614
2.3314272965207428
2.3314272965207428
2.0303973008567615
2.3314272965207428
2.3314272965207428
2.3314272965207428
1.8543060418010802
2.1553360374650614
2.0303973008567615
2.3314272965207428
2.3314272965207428
2.1553360374650614
2.3314272965207428
1.5185139398778873
2.3314272965207428
2.1553360374650614
2.3314272965207428
2.1553360374650614
2.1553360374650614
2.3314272965207428
2.1553360374650614
2.1553360374650614
2.1553360374650614
2.3314272965207428
2.3314272965207428
2.1553360374650614
2.3314272965207428
2.3314272965207428
2.3314272965207428
2.3314272965207428
2.3314272965207428
2.1553360374650614
1.678214782745399
1.486329256506486
2.3314272965207428
0.6281359184020816
2.3314272965207428
2.0303973008567615
2.3314272965207428
2.3314272965207428
1.310237997450805
2.3314272965207428
2.3314272965207428
2.1553360374650614
2.3314272965207428
1.9334872878487053
2.3314272965207428
1.787359252170467
2.3314272965207428
2.3314272965207428
2.3314272965207428
2.0303973008567615
2.3314272965207428
2.3314272965207428
1.9334872878487053
2.1553360374650614
2.3314272965207428
2.3314272965207428
2.1553360374650614
1.787359252170467
2.0303973008567615
2.3314272965207428
2.3314272965207428
2.1553360374650614
2.3314272965207428
2.1553360374650614
1.8543060418010802
2.3314272965207428
2.3314272965207428
2.3314272965207428
2.3314272965207428
0.6830672855398113
2.3314272965207428
0.6030735144995145
1.7293673051927805
2.3314272965207428
2.3314272965207428
2.3314272965207428
2.3314272965207428
2.3314272965207428
1.8543060418010802
2.3314272965207428
2.3314272965207428
2.3314272965207428
2.3314272965207428
1.2707294561671312
2.3314272965207428
2.3314272965207428
2.3314272965207428
2.3314272965207428
1.787359252170467
1.787359252170467
2.3314272965207428
1.8543060418010802
2.0303973008567615
2.3314272965207428
2.3314272965207428
1.632457292184724
2.1553360374650614
2.3314272965207428
1.678214782745399
2.3314272965207428
1.7293673051927805
2.3314272965207428
2.1553360374650614
1.0303973008567617
2.3314272965207428
2.1553360374650614
2.3314272965207428
2.3314272965207428
2.3314272965207428
2.1553360374650614
2.3314272965207428
2.3314272965207428
2.1553360374650614
2.3314272965207428
2.1553360374650614
1.787359252170467
1.8543060418010802
2.3314272965207428
1.7293673051927805
2.3314272965207428
2.3314272965207428
2.3314272965207428
2.3314272965207428
2.0303973008567615
2.3314272965207428
1.1009783751424689
2.1553360374650614
1.632457292184724
2.1553360374650614
2.3314272965207428
2.3314272965207428
2.0303973008567615
2.0303973008567615
1.076154791417437
2.1553360374650614
1.8543060418010802
1.9334872878487053
2.3314272965207428
2.3314272965207428
2.3314272965207428
1.9334872878487053
2.0303973008567615
2.1553360374650614
1.787359252170467
2.1553360374650614
2.0303973008567615
1.787359252170467
2.1553360374650614
2.3314272965207428
2.1553360374650614
1.8543060418010802
2.3314272965207428
2.3314272965207428
1.9334872878487053
1.787359252170467
1.185299260842505
2.1553360374650614
2.3314272965207428
1.9334872878487053
2.3314272965207428
2.1553360374650614
2.1553360374650614
2.1553360374650614
1.170059294285768
2.3314272965207428
2.3314272965207428
2.3314272965207428
2.1553360374650614
1.217483944213906
2.3314272965207428
2.1553360374650614
2.3314272965207428
2.3314272965207428
2.3314272965207428
2.1553360374650614
2.3314272965207428
2.0303973008567615
2.0303973008567615
2.0303973008567615
2.3314272965207428
2.3314272965207428
2.1553360374650614
2.3314272965207428
2.0303973008567615
2.0303973008567615
2.3314272965207428
1.2900346113625178
2.3314272965207428
2.0303973008567615
2.1553360374650614
2.3314272965207428
2.3314272965207428
2.3314272965207428
2.0303973008567615
2.1553360374650614
2.3314272965207428
2.3314272965207428
2.3314272965207428
1.8543060418010802
1.9334872878487053
2.3314272965207428
2.3314272965207428
1.9334872878487053
1.591064607026499
2.1553360374650614
2.3314272965207428
2.3314272965207428
2.1553360374650614
2.1553360374650614
2.3314272965207428
2.1553360374650614
2.3314272965207428
2.1553360374650614
1.8543060418010802
1.7293673051927805
2.3314272965207428
1.8543060418010802
2.3314272965207428
2.3314272965207428
2.0303973008567615
2.3314272965207428
2.0303973008567615
1.7293673051927805
2.1553360374650614
2.1553360374650614
1.8543060418010802
2.1553360374650614
1.787359252170467
2.3314272965207428
2.0303973008567615
2.0303973008567615
2.1553360374650614
2.0303973008567615
2.0303973008567615
2.3314272965207428
2.1553360374650614
1.787359252170467
2.3314272965207428
2.1553360374650614
2.1553360374650614
2.3314272965207428
1.3771847870814182
2.0303973008567615
1.9334872878487053
1.1553360374650616
2.3314272965207428
2.0303973008567615
1.2345172835126865
2.3314272965207428
2.0303973008567615
1.8543060418010802
2.3314272965207428
2.1553360374650614
2.1553360374650614
1.632457292184724
2.3314272965207428
1.9334872878487053
2.3314272965207428
2.1553360374650614
2.1553360374650614
2.3314272965207428
2.1553360374650614
2.1553360374650614
1.7293673051927805
2.1553360374650614
1.8543060418010802
1.9334872878487053
2.0303973008567615
2.3314272965207428
2.3314272965207428
2.3314272965207428
2.1553360374650614
2.3314272965207428
1.678214782745399
2.3314272965207428
2.3314272965207428
2.3314272965207428
2.3314272965207428
2.3314272965207428
1.8543060418010802
2.3314272965207428
2.3314272965207428
2.1553360374650614
2.3314272965207428
2.3314272965207428
2.3314272965207428
2.3314272965207428
1.9334872878487053
2.1553360374650614
2.3314272965207428
2.3314272965207428
2.1553360374650614
2.3314272965207428
2.3314272965207428
1.252246050473118
2.3314272965207428
2.3314272965207428
2.1553360374650614
2.3314272965207428
2.1553360374650614
1.8543060418010802
1.9334872878487053
2.3314272965207428
2.3314272965207428
1.7293673051927805
1.787359252170467
1.331427296520743
1.2900346113625178
2.3314272965207428
2.3314272965207428
2.0303973008567615
2.1553360374650614
2.3314272965207428
2.3314272965207428
2.0303973008567615
2.3314272965207428
2.1553360374650614
2.3314272965207428
2.0303973008567615
2.3314272965207428
2.3314272965207428
1.8543060418010802
2.3314272965207428
2.0303973008567615
2.1553360374650614
2.3314272965207428
2.1553360374650614
2.0303973008567615
2.3314272965207428
2.3314272965207428
2.3314272965207428
2.3314272965207428
2.3314272965207428
2.1553360374650614
2.3314272965207428
2.3314272965207428
2.3314272965207428
2.0303973008567615
2.3314272965207428
2.1553360374650614
2.3314272965207428
2.3314272965207428
2.0303973008567615
2.3314272965207428
2.3314272965207428
1.9334872878487053
2.3314272965207428
2.3314272965207428
2.0303973008567615
2.3314272965207428
2.3314272965207428
1.456366033129043
2.3314272965207428
2.3314272965207428
2.1553360374650614
2.3314272965207428
2.0303973008567615
1.632457292184724
2.3314272965207428
2.1553360374650614
1.8543060418010802
2.1553360374650614
2.3314272965207428
2.1553360374650614
2.3314272965207428
2.1553360374650614
1.8543060418010802
1.9334872878487053
1.9334872878487053
2.1553360374650614
2.3314272965207428
1.678214782745399
1.787359252170467
2.0303973008567615
2.3314272965207428
1.486329256506486
2.3314272965207428
2.1553360374650614
2.3314272965207428
1.678214782745399
1.1410955983504514
2.3314272965207428
2.3314272965207428
0.7936082014474688
1.7293673051927805
2.3314272965207428
2.3314272965207428
2.3314272965207428
2.0303973008567615
1.7293673051927805
2.1553360374650614
2.0303973008567615
2.1553360374650614
2.3314272965207428
2.3314272965207428
2.1553360374650614
2.3314272965207428
2.1553360374650614
1.310237997450805
1.8543060418010802
2.1553360374650614
1.8543060418010802
2.1553360374650614
1.9334872878487053
2.3314272965207428
1.632457292184724
1.2707294561671312
1.8543060418010802
2.1553360374650614
2.3314272965207428
1.9334872878487053
1.5185139398778873
2.3314272965207428
2.3314272965207428
2.3314272965207428
2.3314272965207428
1.8543060418010802
2.3314272965207428
1.787359252170467
1.9334872878487053
2.0303973008567615
2.1553360374650614
2.3314272965207428
2.3314272965207428
2.3314272965207428
1.8543060418010802
1.8543060418010802
2.3314272965207428
2.3314272965207428
1.0642555681177293
2.3314272965207428
2.3314272965207428
2.1553360374650614
2.3314272965207428
1.787359252170467
2.1553360374650614
2.0303973008567615
2.1553360374650614
1.678214782745399
1.4283373095287994
1.217483944213906
2.3314272965207428
0.5390356070224891
2.3314272965207428
2.3314272965207428
2.3314272965207428
1.4283373095287994
2.3314272965207428
1.5532760461370994
1.8543060418010802
2.1553360374650614
1.591064607026499
2.3314272965207428
2.1553360374650614
2.1553360374650614
2.3314272965207428
2.3314272965207428
2.3314272965207428
1.678214782745399
2.3314272965207428
2.3314272965207428
2.1553360374650614
2.1553360374650614
1.5532760461370994
1.9334872878487053
2.3314272965207428
1.170059294285768
2.3314272965207428
2.3314272965207428
2.0303973008567615
0.7293673051927806
2.3314272965207428
2.3314272965207428
2.1553360374650614
2.3314272965207428
2.3314272965207428
2.3314272965207428
2.1553360374650614
1.8543060418010802
2.3314272965207428
1.486329256506486
1.5185139398778873
2.3314272965207428
2.3314272965207428
1.8543060418010802
0.8129133566428555
2.3314272965207428
2.3314272965207428
2.3314272965207428
2.3314272965207428
2.3314272965207428
2.1553360374650614
2.3314272965207428
2.0303973008567615
2.3314272965207428
2.3314272965207428
1.456366033129043
2.3314272965207428
2.1553360374650614
2.3314272965207428
1.591064607026499
2.1553360374650614
2.3314272965207428
2.0303973008567615
2.3314272965207428
2.1553360374650614
2.3314272965207428
2.0303973008567615
2.3314272965207428
1.632457292184724
1.7293673051927805
2.0303973008567615
2.3314272965207428
1.8543060418010802
1.331427296520743
2.1553360374650614
2.3314272965207428
2.0303973008567615
2.3314272965207428
2.3314272965207428
2.3314272965207428
2.3314272965207428
2.0303973008567615
2.0303973008567615
1.456366033129043
2.3314272965207428
2.3314272965207428
2.3314272965207428
2.3314272965207428
2.3314272965207428
2.0303973008567615
2.3314272965207428
2.3314272965207428
2.1553360374650614
2.1553360374650614
2.3314272965207428
1.8543060418010802
2.3314272965207428
2.1553360374650614
1.787359252170467
2.3314272965207428
2.1553360374650614
2.3314272965207428
2.3314272965207428
2.0303973008567615
1.8543060418010802
2.1553360374650614
2.0303973008567615
1.9334872878487053
1.8543060418010802
2.3314272965207428
2.3314272965207428
2.3314272965207428
1.8543060418010802
2.3314272965207428
2.0303973008567615
2.1553360374650614
1.7293673051927805
0.5320867470671613
1.787359252170467
2.1553360374650614
2.3314272965207428
2.3314272965207428
1.9334872878487053
2.3314272965207428
2.1553360374650614
2.0303973008567615
2.3314272965207428
2.0303973008567615
2.1553360374650614
1.678214782745399
1.787359252170467
2.3314272965207428
1.9334872878487053
2.0303973008567615
2.0303973008567615
2.3314272965207428
2.3314272965207428
1.1009783751424689
1.632457292184724
1.632457292184724
1.3537036912318952
2.0303973008567615
2.1553360374650614
2.1553360374650614
2.1553360374650614
2.3314272965207428
2.0303973008567615
2.3314272965207428
2.1553360374650614
2.3314272965207428
2.3314272965207428
2.1553360374650614
2.3314272965207428
2.3314272965207428
2.3314272965207428
2.0303973008567615
2.1553360374650614
2.1553360374650614
2.0303973008567615
2.0303973008567615
2.1553360374650614
2.3314272965207428
2.3314272965207428
2.3314272965207428
2.0303973008567615
2.3314272965207428
1.170059294285768
2.3314272965207428
2.1553360374650614
2.1553360374650614
2.0303973008567615
1.5185139398778873
2.1553360374650614
2.1553360374650614
1.678214782745399
2.1553360374650614
1.0092080017868237
2.3314272965207428
2.0303973008567615
1.310237997450805
1.7293673051927805
2.3314272965207428
1.8543060418010802
1.787359252170467
2.3314272965207428
2.3314272965207428
2.3314272965207428
1.5185139398778873
2.1553360374650614
2.3314272965207428
2.3314272965207428
2.0303973008567615
1.185299260842505
2.0303973008567615
2.3314272965207428
2.3314272965207428
2.1553360374650614
2.1553360374650614
2.3314272965207428
2.1553360374650614
2.1553360374650614
1.3771847870814182
2.3314272965207428
1.632457292184724
2.3314272965207428
2.3314272965207428
2.3314272965207428
2.1553360374650614
2.3314272965207428
2.1553360374650614
0.1424988127598896
2.3314272965207428
2.3314272965207428
2.3314272965207428
1.9334872878487053
2.3314272965207428
2.0303973008567615
2.3314272965207428
2.3314272965207428
2.3314272965207428
1.7293673051927805
2.3314272965207428
2.3314272965207428
2.3314272965207428
2.0303973008567615
2.3314272965207428
1.9334872878487053
1.787359252170467
2.0303973008567615
1.185299260842505
2.3314272965207428
1.9334872878487053
2.3314272965207428
2.3314272965207428
2.3314272965207428
1.8543060418010802
2.0303973008567615
2.1553360374650614
2.3314272965207428
1.678214782745399
2.3314272965207428
2.3314272965207428
2.3314272965207428
2.3314272965207428
2.3314272965207428
2.1553360374650614
1.7293673051927805
2.3314272965207428
1.632457292184724
2.1553360374650614
2.3314272965207428
2.3314272965207428
2.1553360374650614
2.1553360374650614
